#iter energy            energy_diff  abs_dens     rel_dens     abs_ev       rel_ev      
    1   -4.45288738E-01  4.45289E-01  1.09434E-03  1.09434E-03  3.42270E-04  1.46533E-03
    2   -4.45442422E-01  1.53684E-04  6.65200E-04  6.65200E-04  3.41701E-05  1.46268E-04
    3   -4.45542981E-01  1.00559E-04  5.97774E-04  5.97774E-04  3.95770E-06  1.69416E-05
    4   -4.45666876E-01  1.23895E-04  1.41901E-04  1.41901E-04  1.00094E-04  4.28286E-04
    5   -4.45698557E-01  3.16819E-05  6.63113E-05  6.63113E-05  2.20630E-05  9.43949E-05
    6   -4.45643309E-01  5.52486E-05  5.03604E-05  5.03604E-05  4.73020E-05  2.02419E-04
    7   -4.45526740E-01  1.16569E-04  9.30023E-05  9.30023E-05  1.01994E-04  4.36653E-04
    8   -4.45510105E-01  1.66356E-05  2.94714E-05  2.94714E-05  1.25444E-05  5.37073E-05
    9   -4.45554452E-01  4.43476E-05  3.52680E-05  3.52680E-05  3.86406E-05  1.65408E-04
   10   -4.45511441E-01  4.30117E-05  3.30474E-05  3.30474E-05  3.79220E-05  1.62358E-04
   11   -4.45501416E-01  1.00248E-05  1.38641E-05  1.38641E-05  7.99232E-06  3.42193E-05
   12   -4.45501289E-01  1.26334E-07  8.90409E-07  8.90409E-07  1.65723E-08  7.09545E-08
   13   -4.45496273E-01  5.01669E-06  3.35933E-06  3.35933E-06  4.53968E-06  1.94371E-05
   14   -4.45492715E-01  3.55743E-06  3.33459E-06  3.33459E-06  3.07024E-06  1.31457E-05
   15   -4.45492665E-01  5.01367E-08  5.92942E-07  5.92942E-07  2.61688E-08  1.12046E-07
   16   -4.45492700E-01  3.51210E-08  7.68568E-08  7.68568E-08  2.58667E-08  1.10752E-07
