# energy [H], band-resolved DOS
   -0.867937    0.002923
   -0.865547    0.002938
   -0.863156    0.002954
   -0.860765    0.002969
   -0.858374    0.002984
   -0.855983    0.003000
   -0.853593    0.003015
   -0.851202    0.003031
   -0.848811    0.003047
   -0.846420    0.003063
   -0.844029    0.003079
   -0.841638    0.003095
   -0.839248    0.003112
   -0.836857    0.003128
   -0.834466    0.003145
   -0.832075    0.003162
   -0.829684    0.003179
   -0.827293    0.003196
   -0.824903    0.003213
   -0.822512    0.003230
   -0.820121    0.003248
   -0.817730    0.003265
   -0.815339    0.003283
   -0.812949    0.003301
   -0.810558    0.003319
   -0.808167    0.003337
   -0.805776    0.003355
   -0.803385    0.003374
   -0.800994    0.003393
   -0.798604    0.003411
   -0.796213    0.003430
   -0.793822    0.003449
   -0.791431    0.003469
   -0.789040    0.003488
   -0.786650    0.003508
   -0.784259    0.003527
   -0.781868    0.003547
   -0.779477    0.003568
   -0.777086    0.003588
   -0.774695    0.003608
   -0.772305    0.003629
   -0.769914    0.003650
   -0.767523    0.003671
   -0.765132    0.003692
   -0.762741    0.003713
   -0.760351    0.003735
   -0.757960    0.003756
   -0.755569    0.003778
   -0.753178    0.003800
   -0.750787    0.003823
   -0.748396    0.003845
   -0.746006    0.003868
   -0.743615    0.003891
   -0.741224    0.003914
   -0.738833    0.003937
   -0.736442    0.003961
   -0.734052    0.003984
   -0.731661    0.004008
   -0.729270    0.004033
   -0.726879    0.004057
   -0.724488    0.004081
   -0.722097    0.004106
   -0.719707    0.004131
   -0.717316    0.004157
   -0.714925    0.004182
   -0.712534    0.004208
   -0.710143    0.004234
   -0.707753    0.004260
   -0.705362    0.004287
   -0.702971    0.004313
   -0.700580    0.004340
   -0.698189    0.004367
   -0.695798    0.004395
   -0.693408    0.004423
   -0.691017    0.004451
   -0.688626    0.004479
   -0.686235    0.004507
   -0.683844    0.004536
   -0.681454    0.004565
   -0.679063    0.004595
   -0.676672    0.004624
   -0.674281    0.004654
   -0.671890    0.004685
   -0.669499    0.004715
   -0.667109    0.004746
   -0.664718    0.004777
   -0.662327    0.004808
   -0.659936    0.004840
   -0.657545    0.004872
   -0.655155    0.004905
   -0.652764    0.004937
   -0.650373    0.004970
   -0.647982    0.005004
   -0.645591    0.005038
   -0.643200    0.005072
   -0.640810    0.005106
   -0.638419    0.005141
   -0.636028    0.005176
   -0.633637    0.005211
   -0.631246    0.005247
   -0.628856    0.005283
   -0.626465    0.005320
   -0.624074    0.005357
   -0.621683    0.005394
   -0.619292    0.005432
   -0.616901    0.005470
   -0.614511    0.005509
   -0.612120    0.005548
   -0.609729    0.005587
   -0.607338    0.005627
   -0.604947    0.005667
   -0.602557    0.005707
   -0.600166    0.005749
   -0.597775    0.005790
   -0.595384    0.005832
   -0.592993    0.005874
   -0.590602    0.005917
   -0.588212    0.005961
   -0.585821    0.006005
   -0.583430    0.006049
   -0.581039    0.006094
   -0.578648    0.006139
   -0.576258    0.006185
   -0.573867    0.006231
   -0.571476    0.006278
   -0.569085    0.006326
   -0.566694    0.006373
   -0.564303    0.006422
   -0.561913    0.006471
   -0.559522    0.006521
   -0.557131    0.006571
   -0.554740    0.006622
   -0.552349    0.006673
   -0.549959    0.006725
   -0.547568    0.006777
   -0.545177    0.006831
   -0.542786    0.006884
   -0.540395    0.006939
   -0.538004    0.006994
   -0.535614    0.007050
   -0.533223    0.007106
   -0.530832    0.007163
   -0.528441    0.007221
   -0.526050    0.007279
   -0.523659    0.007339
   -0.521269    0.007399
   -0.518878    0.007459
   -0.516487    0.007521
   -0.514096    0.007583
   -0.511705    0.007646
   -0.509315    0.007709
   -0.506924    0.007774
   -0.504533    0.007839
   -0.502142    0.007906
   -0.499751    0.007973
   -0.497360    0.008040
   -0.494970    0.008109
   -0.492579    0.008179
   -0.490188    0.008249
   -0.487797    0.008321
   -0.485406    0.008393
   -0.483016    0.008467
   -0.480625    0.008541
   -0.478234    0.008616
   -0.475843    0.008692
   -0.473452    0.008770
   -0.471061    0.008848
   -0.468671    0.008927
   -0.466280    0.009008
   -0.463889    0.009089
   -0.461498    0.009172
   -0.459107    0.009256
   -0.456717    0.009341
   -0.454326    0.009427
   -0.451935    0.009514
   -0.449544    0.009603
   -0.447153    0.009693
   -0.444762    0.009784
   -0.442372    0.009876
   -0.439981    0.009970
   -0.437590    0.010065
   -0.435199    0.010161
   -0.432808    0.010259
   -0.430418    0.010358
   -0.428027    0.010458
   -0.425636    0.010561
   -0.423245    0.010664
   -0.420854    0.010769
   -0.418463    0.010876
   -0.416073    0.010984
   -0.413682    0.011094
   -0.411291    0.011206
   -0.408900    0.011319
   -0.406509    0.011434
   -0.404119    0.011550
   -0.401728    0.011669
   -0.399337    0.011789
   -0.396946    0.011912
   -0.394555    0.012036
   -0.392164    0.012162
   -0.389774    0.012290
   -0.387383    0.012420
   -0.384992    0.012552
   -0.382601    0.012686
   -0.380210    0.012823
   -0.377820    0.012962
   -0.375429    0.013102
   -0.373038    0.013246
   -0.370647    0.013391
   -0.368256    0.013539
   -0.365865    0.013690
   -0.363475    0.013843
   -0.361084    0.013999
   -0.358693    0.014157
   -0.356302    0.014318
   -0.353911    0.014481
   -0.351521    0.014648
   -0.349130    0.014817
   -0.346739    0.014990
   -0.344348    0.015165
   -0.341957    0.015344
   -0.339566    0.015525
   -0.337176    0.015710
   -0.334785    0.015898
   -0.332394    0.016090
   -0.330003    0.016285
   -0.327612    0.016484
   -0.325222    0.016686
   -0.322831    0.016892
   -0.320440    0.017102
   -0.318049    0.017316
   -0.315658    0.017534
   -0.313267    0.017756
   -0.310877    0.017982
   -0.308486    0.018213
   -0.306095    0.018448
   -0.303704    0.018688
   -0.301313    0.018932
   -0.298923    0.019181
   -0.296532    0.019435
   -0.294141    0.019695
   -0.291750    0.019959
   -0.289359    0.020229
   -0.286968    0.020504
   -0.284578    0.020785
   -0.282187    0.021072
   -0.279796    0.021365
   -0.277405    0.021664
   -0.275014    0.021969
   -0.272624    0.022281
   -0.270233    0.022599
   -0.267842    0.022924
   -0.265451    0.023257
   -0.263060    0.023596
   -0.260669    0.023944
   -0.258279    0.024298
   -0.255888    0.024661
   -0.253497    0.025032
   -0.251106    0.025412
   -0.248715    0.025800
   -0.246325    0.026197
   -0.243934    0.026603
   -0.241543    0.027019
   -0.239152    0.027445
   -0.236761    0.027880
   -0.234370    0.028327
   -0.231980    0.028784
   -0.229589    0.029252
   -0.227198    0.029732
   -0.224807    0.030223
   -0.222416    0.030727
   -0.220025    0.031244
   -0.217635    0.031773
   -0.215244    0.032317
   -0.212853    0.032874
   -0.210462    0.033446
   -0.208071    0.034033
   -0.205681    0.034636
   -0.203290    0.035254
   -0.200899    0.035890
   -0.198508    0.036542
   -0.196117    0.037213
   -0.193726    0.037902
   -0.191336    0.038611
   -0.188945    0.039340
   -0.186554    0.040089
   -0.184163    0.040860
   -0.181772    0.041654
   -0.179382    0.042471
   -0.176991    0.043312
   -0.174600    0.044179
   -0.172209    0.045071
   -0.169818    0.045991
   -0.167427    0.046940
   -0.165037    0.047918
   -0.162646    0.048927
   -0.160255    0.049968
   -0.157864    0.051043
   -0.155473    0.052153
   -0.153083    0.053299
   -0.150692    0.054484
   -0.148301    0.055708
   -0.145910    0.056974
   -0.143519    0.058284
   -0.141128    0.059640
   -0.138738    0.061043
   -0.136347    0.062496
   -0.133956    0.064002
   -0.131565    0.065563
   -0.129174    0.067182
   -0.126784    0.068862
   -0.124393    0.070605
   -0.122002    0.072415
   -0.119611    0.074296
   -0.117220    0.076250
   -0.114829    0.078283
   -0.112439    0.080399
   -0.110048    0.082601
   -0.107657    0.084895
   -0.105266    0.087285
   -0.102875    0.089778
   -0.100485    0.092379
   -0.098094    0.095095
   -0.095703    0.097933
   -0.093312    0.100899
   -0.090921    0.104001
   -0.088530    0.107249
   -0.086140    0.110652
   -0.083749    0.114219
   -0.081358    0.117961
   -0.078967    0.121889
   -0.076576    0.126017
   -0.074186    0.130358
   -0.071795    0.134927
   -0.069404    0.139741
   -0.067013    0.144816
   -0.064622    0.150172
   -0.062231    0.155831
   -0.059841    0.161815
   -0.057450    0.168151
   -0.055059    0.174865
   -0.052668    0.181988
   -0.050277    0.189556
   -0.047887    0.197605
   -0.045496    0.206176
   -0.043105    0.215316
   -0.040714    0.225077
   -0.038323    0.235516
   -0.035932    0.246696
   -0.033542    0.258690
   -0.031151    0.271578
   -0.028760    0.285451
   -0.026369    0.300413
   -0.023978    0.316579
   -0.021588    0.334082
   -0.019197    0.353074
   -0.016806    0.373726
   -0.014415    0.396239
   -0.012024    0.420841
   -0.009633    0.447798
   -0.007243    0.477420
   -0.004852    0.510067
   -0.002461    0.546166
   -0.000070    0.586215
    0.002321    0.630812
    0.004711    0.680667
    0.007102    0.736634
    0.009493    0.799747
    0.011884    0.871267
    0.014275    0.952744
    0.016666    1.046094
    0.019056    1.153718
    0.021447    1.278645
    0.023838    1.424740
    0.026229    1.596995
    0.028620    1.801934
    0.031010    2.048207
    0.033401    2.347452
    0.035792    2.715582
    0.038183    3.174747
    0.040574    3.756353
    0.042965    4.505824
    0.045355    5.490173
    0.047746    6.810058
    0.050137    8.618537
    0.052528   11.147567
    0.054919   14.733680
    0.057310   19.791361
    0.059700   26.545034
    0.062091   34.122808
    0.064482   39.324652
    0.066873   38.399332
    0.069264   32.108661
    0.071654   24.548481
    0.074045   18.242669
    0.076436   13.626446
    0.078827   10.368472
    0.081218    8.064836
    0.083609    6.408888
    0.085999    5.193163
    0.088390    4.281229
    0.090781    3.583150
    0.093172    3.038778
    0.095563    2.607123
    0.097953    2.259688
    0.100344    1.976275
    0.102735    1.742295
    0.105126    1.547035
    0.107517    1.382496
    0.109908    1.242621
    0.112298    1.122762
    0.114689    1.019305
    0.117080    0.929411
    0.119471    0.850826
    0.121862    0.781741
    0.124252    0.720693
    0.126643    0.666489
    0.129034    0.618148
    0.131425    0.574858
    0.133816    0.535942
    0.136207    0.500832
    0.138597    0.469049
    0.140988    0.440188
    0.143379    0.413903
    0.145770    0.389896
    0.148161    0.367912
    0.150551    0.347732
    0.152942    0.329163
    0.155333    0.312039
    0.157724    0.296214
    0.160115    0.281561
    0.162506    0.267966
    0.164896    0.255330
    0.167287    0.243566
    0.169678    0.232595
    0.172069    0.222348
    0.174460    0.212762
    0.176850    0.203782
    0.179241    0.195357
    0.181632    0.187444
    0.184023    0.180001
    0.186414    0.172992
    0.188805    0.166385
    0.191195    0.160148
    0.193586    0.154255
    0.195977    0.148681
    0.198368    0.143403
    0.200759    0.138401
    0.203149    0.133657
    0.205540    0.129151
    0.207931    0.124870
    0.210322    0.120798
    0.212713    0.116921
    0.215104    0.113228
    0.217494    0.109707
    0.219885    0.106348
    0.222276    0.103140
    0.224667    0.100076
    0.227058    0.097146
    0.229448    0.094342
    0.231839    0.091658
    0.234230    0.089087
    0.236621    0.086623
    0.239012    0.084259
    0.241403    0.081991
    0.243793    0.079813
    0.246184    0.077720
    0.248575    0.075709
    0.250966    0.073775
    0.253357    0.071914
    0.255747    0.070122
    0.258138    0.068397
    0.260529    0.066734
    0.262920    0.065132
    0.265311    0.063586
    0.267702    0.062094
    0.270092    0.060655
    0.272483    0.059265
    0.274874    0.057922
    0.277265    0.056624
    0.279656    0.055370
    0.282046    0.054156
    0.284437    0.052982
    0.286828    0.051846
    0.289219    0.050746
    0.291610    0.049681
    0.294001    0.048648
    0.296391    0.047648
    0.298782    0.046678
    0.301173    0.045737
    0.303564    0.044825
    0.305955    0.043940
    0.308345    0.043080
    0.310736    0.042246
    0.313127    0.041435
    0.315518    0.040648
    0.317909    0.039883
    0.320300    0.039139
    0.322690    0.038416
    0.325081    0.037712
