# energy [H], band-resolved DOS
   -0.867937    0.002588
   -0.865547    0.002601
   -0.863156    0.002613
   -0.860765    0.002626
   -0.858374    0.002639
   -0.855983    0.002652
   -0.853593    0.002665
   -0.851202    0.002678
   -0.848811    0.002691
   -0.846420    0.002704
   -0.844029    0.002718
   -0.841638    0.002731
   -0.839248    0.002745
   -0.836857    0.002758
   -0.834466    0.002772
   -0.832075    0.002786
   -0.829684    0.002800
   -0.827293    0.002814
   -0.824903    0.002828
   -0.822512    0.002843
   -0.820121    0.002857
   -0.817730    0.002872
   -0.815339    0.002886
   -0.812949    0.002901
   -0.810558    0.002916
   -0.808167    0.002931
   -0.805776    0.002946
   -0.803385    0.002961
   -0.800994    0.002976
   -0.798604    0.002992
   -0.796213    0.003008
   -0.793822    0.003023
   -0.791431    0.003039
   -0.789040    0.003055
   -0.786650    0.003071
   -0.784259    0.003087
   -0.781868    0.003104
   -0.779477    0.003120
   -0.777086    0.003137
   -0.774695    0.003153
   -0.772305    0.003170
   -0.769914    0.003187
   -0.767523    0.003204
   -0.765132    0.003221
   -0.762741    0.003239
   -0.760351    0.003256
   -0.757960    0.003274
   -0.755569    0.003292
   -0.753178    0.003310
   -0.750787    0.003328
   -0.748396    0.003346
   -0.746006    0.003365
   -0.743615    0.003383
   -0.741224    0.003402
   -0.738833    0.003421
   -0.736442    0.003440
   -0.734052    0.003459
   -0.731661    0.003478
   -0.729270    0.003498
   -0.726879    0.003518
   -0.724488    0.003537
   -0.722097    0.003557
   -0.719707    0.003578
   -0.717316    0.003598
   -0.714925    0.003619
   -0.712534    0.003639
   -0.710143    0.003660
   -0.707753    0.003681
   -0.705362    0.003703
   -0.702971    0.003724
   -0.700580    0.003746
   -0.698189    0.003767
   -0.695798    0.003789
   -0.693408    0.003812
   -0.691017    0.003834
   -0.688626    0.003857
   -0.686235    0.003879
   -0.683844    0.003902
   -0.681454    0.003926
   -0.679063    0.003949
   -0.676672    0.003973
   -0.674281    0.003996
   -0.671890    0.004020
   -0.669499    0.004045
   -0.667109    0.004069
   -0.664718    0.004094
   -0.662327    0.004119
   -0.659936    0.004144
   -0.657545    0.004169
   -0.655155    0.004195
   -0.652764    0.004221
   -0.650373    0.004247
   -0.647982    0.004273
   -0.645591    0.004300
   -0.643200    0.004327
   -0.640810    0.004354
   -0.638419    0.004381
   -0.636028    0.004409
   -0.633637    0.004437
   -0.631246    0.004465
   -0.628856    0.004493
   -0.626465    0.004522
   -0.624074    0.004551
   -0.621683    0.004580
   -0.619292    0.004610
   -0.616901    0.004639
   -0.614511    0.004670
   -0.612120    0.004700
   -0.609729    0.004731
   -0.607338    0.004762
   -0.604947    0.004793
   -0.602557    0.004824
   -0.600166    0.004856
   -0.597775    0.004889
   -0.595384    0.004921
   -0.592993    0.004954
   -0.590602    0.004987
   -0.588212    0.005021
   -0.585821    0.005055
   -0.583430    0.005089
   -0.581039    0.005123
   -0.578648    0.005158
   -0.576258    0.005194
   -0.573867    0.005229
   -0.571476    0.005265
   -0.569085    0.005302
   -0.566694    0.005338
   -0.564303    0.005376
   -0.561913    0.005413
   -0.559522    0.005451
   -0.557131    0.005489
   -0.554740    0.005528
   -0.552349    0.005567
   -0.549959    0.005607
   -0.547568    0.005647
   -0.545177    0.005687
   -0.542786    0.005728
   -0.540395    0.005769
   -0.538004    0.005811
   -0.535614    0.005853
   -0.533223    0.005896
   -0.530832    0.005939
   -0.528441    0.005983
   -0.526050    0.006027
   -0.523659    0.006071
   -0.521269    0.006116
   -0.518878    0.006162
   -0.516487    0.006208
   -0.514096    0.006255
   -0.511705    0.006302
   -0.509315    0.006350
   -0.506924    0.006398
   -0.504533    0.006447
   -0.502142    0.006496
   -0.499751    0.006546
   -0.497360    0.006596
   -0.494970    0.006647
   -0.492579    0.006699
   -0.490188    0.006751
   -0.487797    0.006804
   -0.485406    0.006858
   -0.483016    0.006912
   -0.480625    0.006966
   -0.478234    0.007022
   -0.475843    0.007078
   -0.473452    0.007135
   -0.471061    0.007192
   -0.468671    0.007250
   -0.466280    0.007309
   -0.463889    0.007369
   -0.461498    0.007429
   -0.459107    0.007490
   -0.456717    0.007552
   -0.454326    0.007614
   -0.451935    0.007678
   -0.449544    0.007742
   -0.447153    0.007807
   -0.444762    0.007873
   -0.442372    0.007939
   -0.439981    0.008007
   -0.437590    0.008075
   -0.435199    0.008144
   -0.432808    0.008214
   -0.430418    0.008285
   -0.428027    0.008357
   -0.425636    0.008430
   -0.423245    0.008504
   -0.420854    0.008579
   -0.418463    0.008654
   -0.416073    0.008731
   -0.413682    0.008809
   -0.411291    0.008888
   -0.408900    0.008968
   -0.406509    0.009049
   -0.404119    0.009131
   -0.401728    0.009214
   -0.399337    0.009298
   -0.396946    0.009384
   -0.394555    0.009471
   -0.392164    0.009559
   -0.389774    0.009648
   -0.387383    0.009738
   -0.384992    0.009830
   -0.382601    0.009923
   -0.380210    0.010017
   -0.377820    0.010113
   -0.375429    0.010210
   -0.373038    0.010308
   -0.370647    0.010408
   -0.368256    0.010510
   -0.365865    0.010612
   -0.363475    0.010717
   -0.361084    0.010823
   -0.358693    0.010930
   -0.356302    0.011039
   -0.353911    0.011150
   -0.351521    0.011262
   -0.349130    0.011376
   -0.346739    0.011492
   -0.344348    0.011610
   -0.341957    0.011729
   -0.339566    0.011851
   -0.337176    0.011974
   -0.334785    0.012099
   -0.332394    0.012226
   -0.330003    0.012355
   -0.327612    0.012486
   -0.325222    0.012619
   -0.322831    0.012755
   -0.320440    0.012892
   -0.318049    0.013032
   -0.315658    0.013174
   -0.313267    0.013319
   -0.310877    0.013466
   -0.308486    0.013615
   -0.306095    0.013767
   -0.303704    0.013921
   -0.301313    0.014078
   -0.298923    0.014237
   -0.296532    0.014400
   -0.294141    0.014565
   -0.291750    0.014733
   -0.289359    0.014904
   -0.286968    0.015078
   -0.284578    0.015254
   -0.282187    0.015435
   -0.279796    0.015618
   -0.277405    0.015804
   -0.275014    0.015994
   -0.272624    0.016188
   -0.270233    0.016385
   -0.267842    0.016585
   -0.265451    0.016789
   -0.263060    0.016997
   -0.260669    0.017209
   -0.258279    0.017425
   -0.255888    0.017645
   -0.253497    0.017869
   -0.251106    0.018098
   -0.248715    0.018331
   -0.246325    0.018568
   -0.243934    0.018810
   -0.241543    0.019057
   -0.239152    0.019308
   -0.236761    0.019565
   -0.234370    0.019827
   -0.231980    0.020094
   -0.229589    0.020367
   -0.227198    0.020645
   -0.224807    0.020929
   -0.222416    0.021219
   -0.220025    0.021514
   -0.217635    0.021816
   -0.215244    0.022125
   -0.212853    0.022440
   -0.210462    0.022762
   -0.208071    0.023091
   -0.205681    0.023427
   -0.203290    0.023770
   -0.200899    0.024121
   -0.198508    0.024480
   -0.196117    0.024847
   -0.193726    0.025222
   -0.191336    0.025606
   -0.188945    0.025998
   -0.186554    0.026400
   -0.184163    0.026811
   -0.181772    0.027232
   -0.179382    0.027663
   -0.176991    0.028104
   -0.174600    0.028555
   -0.172209    0.029018
   -0.169818    0.029492
   -0.167427    0.029977
   -0.165037    0.030475
   -0.162646    0.030985
   -0.160255    0.031508
   -0.157864    0.032045
   -0.155473    0.032595
   -0.153083    0.033160
   -0.150692    0.033739
   -0.148301    0.034334
   -0.145910    0.034945
   -0.143519    0.035572
   -0.141128    0.036216
   -0.138738    0.036877
   -0.136347    0.037557
   -0.133956    0.038256
   -0.131565    0.038975
   -0.129174    0.039714
   -0.126784    0.040474
   -0.124393    0.041257
   -0.122002    0.042062
   -0.119611    0.042891
   -0.117220    0.043745
   -0.114829    0.044624
   -0.112439    0.045531
   -0.110048    0.046465
   -0.107657    0.047428
   -0.105266    0.048422
   -0.102875    0.049447
   -0.100485    0.050504
   -0.098094    0.051597
   -0.095703    0.052725
   -0.093312    0.053890
   -0.090921    0.055094
   -0.088530    0.056340
   -0.086140    0.057627
   -0.083749    0.058960
   -0.081358    0.060339
   -0.078967    0.061768
   -0.076576    0.063247
   -0.074186    0.064780
   -0.071795    0.066370
   -0.069404    0.068019
   -0.067013    0.069730
   -0.064622    0.071507
   -0.062231    0.073352
   -0.059841    0.075269
   -0.057450    0.077263
   -0.055059    0.079337
   -0.052668    0.081495
   -0.050277    0.083743
   -0.047887    0.086085
   -0.045496    0.088526
   -0.043105    0.091073
   -0.040714    0.093731
   -0.038323    0.096507
   -0.035932    0.099408
   -0.033542    0.102442
   -0.031151    0.105616
   -0.028760    0.108941
   -0.026369    0.112425
   -0.023978    0.116078
   -0.021588    0.119913
   -0.019197    0.123940
   -0.016806    0.128173
   -0.014415    0.132627
   -0.012024    0.137317
   -0.009633    0.142259
   -0.007243    0.147474
   -0.004852    0.152979
   -0.002461    0.158799
   -0.000070    0.164956
    0.002321    0.171478
    0.004711    0.178395
    0.007102    0.185737
    0.009493    0.193542
    0.011884    0.201848
    0.014275    0.210699
    0.016666    0.220145
    0.019056    0.230239
    0.021447    0.241042
    0.023838    0.252622
    0.026229    0.265055
    0.028620    0.278427
    0.031010    0.292834
    0.033401    0.308386
    0.035792    0.325207
    0.038183    0.343438
    0.040574    0.363242
    0.042965    0.384803
    0.045355    0.408336
    0.047746    0.434087
    0.050137    0.462343
    0.052528    0.493438
    0.054919    0.527763
    0.057310    0.565781
    0.059700    0.608037
    0.062091    0.655181
    0.064482    0.707993
    0.066873    0.767412
    0.069264    0.834580
    0.071654    0.910893
    0.074045    0.998075
    0.076436    1.098270
    0.078827    1.214171
    0.081218    1.349200
    0.083609    1.507744
    0.085999    1.695506
    0.088390    1.919991
    0.090781    2.191222
    0.093172    2.522791
    0.095563    2.933449
    0.097953    3.449533
    0.100344    4.108762
    0.102735    4.966238
    0.105126    6.104023
    0.107517    7.646288
    0.109908    9.782076
    0.112298   12.793855
    0.114689   17.068748
    0.117080   22.988487
    0.119471   30.392540
    0.121862   37.320486
    0.124252   39.719727
    0.126643   35.654150
    0.129034   28.242689
    0.131425   21.160927
    0.133816   15.724316
    0.136207   11.844976
    0.138597    9.112320
    0.140988    7.165970
    0.143379    5.752260
    0.145770    4.702999
    0.148161    3.907696
    0.150551    3.293053
    0.152942    2.809595
    0.155333    2.423266
    0.157724    2.110156
    0.160115    1.853155
    0.162506    1.639798
    0.164896    1.460853
    0.167287    1.309378
    0.169678    1.180080
    0.172069    1.068868
    0.174460    0.972548
    0.176850    0.888594
    0.179241    0.814989
    0.181632    0.750111
    0.184023    0.692640
    0.186414    0.641496
    0.188805    0.595788
    0.191195    0.554775
    0.193586    0.517838
    0.195977    0.484457
    0.198368    0.454191
    0.200759    0.426665
    0.203149    0.401560
    0.205540    0.378600
    0.207931    0.357549
    0.210322    0.338202
    0.212713    0.320379
    0.215104    0.303926
    0.217494    0.288705
    0.219885    0.274597
    0.222276    0.261496
    0.224667    0.249309
    0.227058    0.237953
    0.229448    0.227355
    0.231839    0.217447
    0.234230    0.208172
    0.236621    0.199478
    0.239012    0.191316
    0.241403    0.183644
    0.243793    0.176424
    0.246184    0.169621
    0.248575    0.163203
    0.250966    0.157142
    0.253357    0.151413
    0.255747    0.145991
    0.258138    0.140854
    0.260529    0.135984
    0.262920    0.131362
    0.265311    0.126971
    0.267702    0.122796
    0.270092    0.118824
    0.272483    0.115041
    0.274874    0.111436
    0.277265    0.107998
    0.279656    0.104716
    0.282046    0.101582
    0.284437    0.098586
    0.286828    0.095720
    0.289219    0.092978
    0.291610    0.090351
    0.294001    0.087835
    0.296391    0.085422
    0.298782    0.083107
    0.301173    0.080884
    0.303564    0.078750
    0.305955    0.076699
    0.308345    0.074727
    0.310736    0.072830
    0.313127    0.071004
    0.315518    0.069246
    0.317909    0.067553
    0.320300    0.065921
    0.322690    0.064347
    0.325081    0.062829
