# energy [H], band-resolved DOS
   -0.867937    0.006886
   -0.865547    0.006940
   -0.863156    0.006995
   -0.860765    0.007051
   -0.858374    0.007107
   -0.855983    0.007165
   -0.853593    0.007222
   -0.851202    0.007281
   -0.848811    0.007340
   -0.846420    0.007400
   -0.844029    0.007461
   -0.841638    0.007522
   -0.839248    0.007584
   -0.836857    0.007647
   -0.834466    0.007711
   -0.832075    0.007776
   -0.829684    0.007841
   -0.827293    0.007907
   -0.824903    0.007974
   -0.822512    0.008042
   -0.820121    0.008111
   -0.817730    0.008181
   -0.815339    0.008251
   -0.812949    0.008323
   -0.810558    0.008395
   -0.808167    0.008468
   -0.805776    0.008543
   -0.803385    0.008618
   -0.800994    0.008694
   -0.798604    0.008772
   -0.796213    0.008850
   -0.793822    0.008929
   -0.791431    0.009010
   -0.789040    0.009091
   -0.786650    0.009174
   -0.784259    0.009258
   -0.781868    0.009343
   -0.779477    0.009429
   -0.777086    0.009516
   -0.774695    0.009605
   -0.772305    0.009695
   -0.769914    0.009786
   -0.767523    0.009878
   -0.765132    0.009972
   -0.762741    0.010067
   -0.760351    0.010163
   -0.757960    0.010261
   -0.755569    0.010360
   -0.753178    0.010461
   -0.750787    0.010563
   -0.748396    0.010667
   -0.746006    0.010772
   -0.743615    0.010879
   -0.741224    0.010987
   -0.738833    0.011097
   -0.736442    0.011208
   -0.734052    0.011322
   -0.731661    0.011437
   -0.729270    0.011553
   -0.726879    0.011672
   -0.724488    0.011792
   -0.722097    0.011915
   -0.719707    0.012039
   -0.717316    0.012165
   -0.714925    0.012293
   -0.712534    0.012423
   -0.710143    0.012555
   -0.707753    0.012690
   -0.705362    0.012826
   -0.702971    0.012965
   -0.700580    0.013106
   -0.698189    0.013249
   -0.695798    0.013395
   -0.693408    0.013543
   -0.691017    0.013694
   -0.688626    0.013847
   -0.686235    0.014003
   -0.683844    0.014161
   -0.681454    0.014322
   -0.679063    0.014486
   -0.676672    0.014652
   -0.674281    0.014822
   -0.671890    0.014994
   -0.669499    0.015170
   -0.667109    0.015348
   -0.664718    0.015530
   -0.662327    0.015715
   -0.659936    0.015903
   -0.657545    0.016095
   -0.655155    0.016290
   -0.652764    0.016489
   -0.650373    0.016691
   -0.647982    0.016897
   -0.645591    0.017107
   -0.643200    0.017321
   -0.640810    0.017539
   -0.638419    0.017762
   -0.636028    0.017988
   -0.633637    0.018219
   -0.631246    0.018454
   -0.628856    0.018694
   -0.626465    0.018938
   -0.624074    0.019188
   -0.621683    0.019442
   -0.619292    0.019701
   -0.616901    0.019966
   -0.614511    0.020236
   -0.612120    0.020511
   -0.609729    0.020792
   -0.607338    0.021079
   -0.604947    0.021372
   -0.602557    0.021671
   -0.600166    0.021977
   -0.597775    0.022289
   -0.595384    0.022607
   -0.592993    0.022933
   -0.590602    0.023265
   -0.588212    0.023605
   -0.585821    0.023952
   -0.583430    0.024308
   -0.581039    0.024671
   -0.578648    0.025042
   -0.576258    0.025421
   -0.573867    0.025810
   -0.571476    0.026207
   -0.569085    0.026614
   -0.566694    0.027030
   -0.564303    0.027456
   -0.561913    0.027892
   -0.559522    0.028338
   -0.557131    0.028795
   -0.554740    0.029264
   -0.552349    0.029744
   -0.549959    0.030236
   -0.547568    0.030740
   -0.545177    0.031257
   -0.542786    0.031787
   -0.540395    0.032331
   -0.538004    0.032888
   -0.535614    0.033461
   -0.533223    0.034048
   -0.530832    0.034651
   -0.528441    0.035270
   -0.526050    0.035906
   -0.523659    0.036559
   -0.521269    0.037230
   -0.518878    0.037920
   -0.516487    0.038629
   -0.514096    0.039359
   -0.511705    0.040109
   -0.509315    0.040880
   -0.506924    0.041675
   -0.504533    0.042492
   -0.502142    0.043334
   -0.499751    0.044201
   -0.497360    0.045094
   -0.494970    0.046015
   -0.492579    0.046964
   -0.490188    0.047943
   -0.487797    0.048953
   -0.485406    0.049995
   -0.483016    0.051071
   -0.480625    0.052181
   -0.478234    0.053329
   -0.475843    0.054514
   -0.473452    0.055740
   -0.471061    0.057007
   -0.468671    0.058318
   -0.466280    0.059675
   -0.463889    0.061079
   -0.461498    0.062534
   -0.459107    0.064041
   -0.456717    0.065604
   -0.454326    0.067224
   -0.451935    0.068905
   -0.449544    0.070650
   -0.447153    0.072462
   -0.444762    0.074344
   -0.442372    0.076301
   -0.439981    0.078336
   -0.437590    0.080453
   -0.435199    0.082658
   -0.432808    0.084954
   -0.430418    0.087347
   -0.428027    0.089843
   -0.425636    0.092447
   -0.423245    0.095166
   -0.420854    0.098006
   -0.418463    0.100976
   -0.416073    0.104082
   -0.413682    0.107334
   -0.411291    0.110740
   -0.408900    0.114312
   -0.406509    0.118058
   -0.404119    0.121992
   -0.401728    0.126125
   -0.399337    0.130472
   -0.396946    0.135047
   -0.394555    0.139866
   -0.392164    0.144948
   -0.389774    0.150312
   -0.387383    0.155979
   -0.384992    0.161972
   -0.382601    0.168316
   -0.380210    0.175040
   -0.377820    0.182175
   -0.375429    0.189754
   -0.373038    0.197816
   -0.370647    0.206401
   -0.368256    0.215556
   -0.365865    0.225334
   -0.363475    0.235790
   -0.361084    0.246990
   -0.358693    0.259006
   -0.356302    0.271918
   -0.353911    0.285818
   -0.351521    0.300808
   -0.349130    0.317007
   -0.346739    0.334546
   -0.344348    0.353577
   -0.341957    0.374274
   -0.339566    0.396837
   -0.337176    0.421495
   -0.334785    0.448516
   -0.332394    0.478210
   -0.330003    0.510940
   -0.327612    0.547132
   -0.325222    0.587289
   -0.322831    0.632010
   -0.320440    0.682009
   -0.318049    0.738144
   -0.315658    0.801454
   -0.313267    0.873207
   -0.310877    0.954959
   -0.308486    1.048641
   -0.306095    1.156664
   -0.303704    1.282077
   -0.301313    1.428769
   -0.298923    1.601765
   -0.296532    1.807637
   -0.294141    2.055097
   -0.291750    2.355874
   -0.289359    2.726011
   -0.286968    3.187851
   -0.284578    3.773086
   -0.282187    4.527583
   -0.279796    5.519035
   -0.277405    6.849167
   -0.275014    8.672683
   -0.272624   11.223934
   -0.270233   14.842206
   -0.267842   19.942215
   -0.265451   26.735335
   -0.263060   34.303163
   -0.260669   39.386629
   -0.258279   38.290452
   -0.255888   31.915882
   -0.253497   24.367717
   -0.251106   18.105187
   -0.248715   13.528683
   -0.246325   10.299657
   -0.243934    8.015805
   -0.241543    6.373250
   -0.239152    5.166692
   -0.236761    4.261150
   -0.234370    3.567622
   -0.231980    3.026557
   -0.229589    2.597353
   -0.227198    2.251766
   -0.224807    1.969770
   -0.222416    1.736893
   -0.220025    1.542503
   -0.217635    1.378659
   -0.215244    1.239345
   -0.212853    1.119943
   -0.210462    1.016864
   -0.208071    0.927283
   -0.205681    0.848960
   -0.203290    0.780096
   -0.200899    0.719236
   -0.198508    0.665192
   -0.196117    0.616989
   -0.193726    0.573817
   -0.191336    0.535005
   -0.188945    0.499985
   -0.186554    0.468281
   -0.184163    0.439490
   -0.181772    0.413266
   -0.179382    0.389313
   -0.176991    0.367378
   -0.174600    0.347241
   -0.172209    0.328711
   -0.169818    0.311622
   -0.167427    0.295828
   -0.165037    0.281203
   -0.162646    0.267633
   -0.160255    0.255021
   -0.157864    0.243278
   -0.155473    0.232326
   -0.153083    0.222096
   -0.150692    0.212526
   -0.148301    0.203561
   -0.145910    0.195150
   -0.143519    0.187249
   -0.141128    0.179818
   -0.138738    0.172820
   -0.136347    0.166222
   -0.133956    0.159994
   -0.131565    0.154109
   -0.129174    0.148543
   -0.126784    0.143273
   -0.124393    0.138278
   -0.122002    0.133539
   -0.119611    0.129040
   -0.117220    0.124764
   -0.114829    0.120697
   -0.112439    0.116825
   -0.110048    0.113137
   -0.107657    0.109620
   -0.105266    0.106265
   -0.102875    0.103061
   -0.100485    0.100000
   -0.098094    0.097073
   -0.095703    0.094272
   -0.093312    0.091592
   -0.090921    0.089023
   -0.088530    0.086561
   -0.086140    0.084200
   -0.083749    0.081934
   -0.081358    0.079759
   -0.078967    0.077668
   -0.076576    0.075659
   -0.074186    0.073727
   -0.071795    0.071868
   -0.069404    0.070078
   -0.067013    0.068354
   -0.064622    0.066693
   -0.062231    0.065092
   -0.059841    0.063547
   -0.057450    0.062057
   -0.055059    0.060619
   -0.052668    0.059230
   -0.050277    0.057889
   -0.047887    0.056592
   -0.045496    0.055338
   -0.043105    0.054126
   -0.040714    0.052953
   -0.038323    0.051818
   -0.035932    0.050719
   -0.033542    0.049654
   -0.031151    0.048623
   -0.028760    0.047623
   -0.026369    0.046654
   -0.023978    0.045714
   -0.021588    0.044802
   -0.019197    0.043917
   -0.016806    0.043059
   -0.014415    0.042225
   -0.012024    0.041415
   -0.009633    0.040628
   -0.007243    0.039863
   -0.004852    0.039120
   -0.002461    0.038398
   -0.000070    0.037695
    0.002321    0.037011
    0.004711    0.036346
    0.007102    0.035698
    0.009493    0.035068
    0.011884    0.034454
    0.014275    0.033856
    0.016666    0.033274
    0.019056    0.032706
    0.021447    0.032153
    0.023838    0.031614
    0.026229    0.031088
    0.028620    0.030575
    0.031010    0.030075
    0.033401    0.029587
    0.035792    0.029111
    0.038183    0.028646
    0.040574    0.028192
    0.042965    0.027749
    0.045355    0.027317
    0.047746    0.026894
    0.050137    0.026481
    0.052528    0.026077
    0.054919    0.025683
    0.057310    0.025298
    0.059700    0.024921
    0.062091    0.024552
    0.064482    0.024192
    0.066873    0.023839
    0.069264    0.023494
    0.071654    0.023157
    0.074045    0.022827
    0.076436    0.022503
    0.078827    0.022187
    0.081218    0.021877
    0.083609    0.021574
    0.085999    0.021277
    0.088390    0.020986
    0.090781    0.020701
    0.093172    0.020421
    0.095563    0.020148
    0.097953    0.019880
    0.100344    0.019617
    0.102735    0.019359
    0.105126    0.019106
    0.107517    0.018859
    0.109908    0.018616
    0.112298    0.018377
    0.114689    0.018144
    0.117080    0.017914
    0.119471    0.017689
    0.121862    0.017468
    0.124252    0.017252
    0.126643    0.017039
    0.129034    0.016830
    0.131425    0.016625
    0.133816    0.016424
    0.136207    0.016226
    0.138597    0.016032
    0.140988    0.015842
    0.143379    0.015655
    0.145770    0.015471
    0.148161    0.015290
    0.150551    0.015112
    0.152942    0.014938
    0.155333    0.014766
    0.157724    0.014598
    0.160115    0.014432
    0.162506    0.014269
    0.164896    0.014109
    0.167287    0.013952
    0.169678    0.013797
    0.172069    0.013645
    0.174460    0.013495
    0.176850    0.013348
    0.179241    0.013203
    0.181632    0.013060
    0.184023    0.012920
    0.186414    0.012782
    0.188805    0.012646
    0.191195    0.012512
    0.193586    0.012381
    0.195977    0.012251
    0.198368    0.012124
    0.200759    0.011998
    0.203149    0.011875
    0.205540    0.011753
    0.207931    0.011633
    0.210322    0.011515
    0.212713    0.011399
    0.215104    0.011285
    0.217494    0.011172
    0.219885    0.011061
    0.222276    0.010952
    0.224667    0.010844
    0.227058    0.010738
    0.229448    0.010633
    0.231839    0.010530
    0.234230    0.010428
    0.236621    0.010328
    0.239012    0.010229
    0.241403    0.010132
    0.243793    0.010036
    0.246184    0.009942
    0.248575    0.009848
    0.250966    0.009756
    0.253357    0.009666
    0.255747    0.009576
    0.258138    0.009488
    0.260529    0.009401
    0.262920    0.009315
    0.265311    0.009231
    0.267702    0.009147
    0.270092    0.009065
    0.272483    0.008984
    0.274874    0.008904
    0.277265    0.008825
    0.279656    0.008747
    0.282046    0.008670
    0.284437    0.008594
    0.286828    0.008519
    0.289219    0.008445
    0.291610    0.008372
    0.294001    0.008299
    0.296391    0.008228
    0.298782    0.008158
    0.301173    0.008089
    0.303564    0.008020
    0.305955    0.007952
    0.308345    0.007886
    0.310736    0.007820
    0.313127    0.007755
    0.315518    0.007690
    0.317909    0.007627
    0.320300    0.007564
    0.322690    0.007502
    0.325081    0.007441
